30.314729, -97.732523	GUADALUPE/LAMAR	484
30.309535, -97.730392	301 45TH/AVENUE C	979
30.30835, -97.728674	SPEEDWAY/45TH	980
30.306697, -97.729732	4300 SPEEDWAY/43RD	981
30.303498, -97.731786	4004 SPEEDWAY/40TH	982
30.30138, -97.733132	3812 SPEEDWAY/38TH HALF	983
30.29713, -97.735816	3204 SPEEDWAY/33RD	985
30.299217, -97.734341	SPEEDWAY/35TH	1049
30.301591, -97.732825	SPEEDWAY/39TH	1051
30.306616, -97.729616	4301 SPEEDWAY/43RD	1053
30.35775, -97.75079	7400 WOOD HOLLOW/GREYSTONE	1919
30.35517, -97.75214	7200 WOOD HOLLOW/GREYSTONE	1920
30.35077, -97.75486	6714 WOOD HOLLOW/FAR WEST	1922
30.351595, -97.756663	3600 NORTH HILLS/VILLAGE CENTER	3513
30.303334, -97.731711	4001 SPEEDWAY/40TH	3515
30.308091, -97.728681	SPEEDWAY/44TH	4113
30.299792, -97.734149	SPEEDWAY/38TH	4114
30.29722, -97.735581	3201 SPEEDWAY/33RD	4115
30.294366, -97.735868	31ST/GROOMS	4116
30.294287, -97.735581	31ST/WALLING	4117
30.312711, -97.731308	46TH/GUADALUPE	4515
30.314726, -97.730353	4801 GUADALUPE/46TH	4516
30.316531, -97.72913	4903 GUADALUPE/46TH	4518
30.357422, -97.754595	HART/FAR WEST	4983
30.289236, -97.735366	301 DEAN KEETON/SAN JACINTO	5038
30.29121, -97.736689	2630 SPEEDWAY/27TH	5543
